0 0 1 0 0 0 0 0
0 0

1 0 3 45 49 49 45 65 
0 33
0 45
7 73
13 22
20 77
27 75
34 74
41 79
48 76

2 16 3 60 62 63 60 80 
0 33
0 45
0 73
7 73
13 22
22 77
30 75
38 74
46 79
54 76

3 32 3 80 82 83 80 100 
0 33
0 45
0 73
0 22
7 73
13 22
22 77
30 75
43 74
55 79
65 76

4 0 3 39 52 43 65 50 
0 10
0 45
9 52
15 43
22 99
30 163
38 53
46 83

5 16 3 58 64 58 80 65 
0 10
0 45
0 52
9 52
15 43
24 99
33 163
42 53
56 83

6 36 3 78 84 78 100 85 
0 10
0 45
0 52
0 43
9 52
15 43
24 99
36 163
46 53
55 83

7 0 3 44 48 65 43 50 
0 33
0 39
8 145
15 55
22 44
28 110
35 130
42 56

8 16 3 59 63 80 58 65 
0 33 
0 39 
0 145
8 145
15 55 
24 44 
31 110
39 130
47 56 

9 36 3 79 83 100 78 85 
0 33 
0 39 
0 145
0 55 
8 145
15 55 
24 44 
31 110
42 130
52 56 

10 0 2 45 30 35 45 20 
0 33 
0 81 

11 7 2 50 20 55 30 25 
0 106
7 106

12 10 2 60 45 50 70 80 
0 93 
10 93 
13 77 
14 78 
15 79 
18 48 
23 18 
28 16 
34 60 

13 0 2 40 35 30 50 20 
0 40 
0 81 
 
14 7 2 45 25 50 35 25 
0 106
 
15 10 2 65 80 40 75 45 
0 31 
12 31 
16 116
20 41 
25 99 
30 42 
35 97 
 
16 0 3 40 45 40 56 35 
0 16 
5 28 
12 98 
19 18 
28 17 
36 97 
44 119

17 18 3 63 60 55 71 50 
0 16 
0 28 
5 28 
12 98 
21 18 
31 17 
40 97 
49 119

18 36 3 83 80 75 91 70 
0 16 
0 28 
0 98 
5 28 
12 98 
21 18 
31 17 
44 97 
54 119

19 0 2 30 56 35 72 25 
0 33 
0 39 
7 98 
14 158
23 116
34 162

20 20 2 55 81 60 97 50 
0 33 
0 39 
0 98 
7 98 
14 158
27 116
41 162

21 0 2 40 60 30 70 31 
0 64 
0 45 
9 43 
15 31 
22 119
29 65 
36 97 

22 20 2 65 90 65 100 61 
0 64 
0 45 
0 43 
9 43 
15 31 
25 119
34 65 
43 97 

23 0 2 35 60 44 55 40 
0 35 
0 43 
10 40 
17 44 
24 137
31 103
38 51 

24 22 2 60 85 69 80 65 
0 35 
0 43 
0 40 
10 40 
17 44 
27 137
36 103
47 51 

25 0 2 35 55 30 90 50 
0 84 
0 45 
6 39 
8 86 
11 98 
15 104
20 21 
26 85 
33 97 
41 87 
50 113

26 -4 2 60 90 55 100 90 
0 84 
0 45 
0 86 

27 0 2 50 75 85 40 30 
0 10 
10 28 
17 163
24 40 
31 129
38 154

28 22 2 75 100 110 65 55 
0 10 
0 28 
10 28 
17 163
27 40 
36 129
47 154

29 0 3 55 47 52 41 40 
0 45 
0 33 
8 10 
12 24 
17 40 
23 39 
30 44 
38 154

30 16 3 70 62 67 56 55 
0 45 
0 33 
0 10 
8 10 
12 24 
19 40 
27 39 
36 44 
46 154

31 -6 3 90 82 87 76 75 
0 33 
0 10 
0 39 
0 34 
8 10 
12 24 
23 34 

32 0 3 46 57 40 50 40 
0 43 
0 33 
8 30 
12 24 
17 40 
23 116
30 31 
38 32 

33 16 3 61 72 57 65 55 
0 43 
0 33 
0 30 
8 30 
12 24 
19 40 
27 116
36 31 
46 32 

34 -6 3 81 92 77 85 75 
0 33 
0 30 
0 40 
0 37 
8 30 
12 24 
23 37 

35 0 1 70 45 48 35 60 
0 1 
0 45 
13 47 
18 3 
24 107
31 118
39 111
48 113

36 -6 1 95 70 73 60 85 
0 47 
0 3 
0 107
0 118

37 0 2 38 41 40 65 65 
0 52 
0 39 
16 98 
21 46 
28 109
35 53 
42 83 

38 -2 2 73 76 75 100 100 
0 52 
0 39 
0 98 
0 46 

39 0 1 115 45 20 20 25 
0 47 
9 1 
14 50 
19 111
24 3 
29 156
34 34 
39 38 

40 -6 1 140 70 45 45 50 
0 47 
0 50 
0 111
0 3 

41 0 2 40 45 35 55 40 
0 141
10 48 
15 44 
21 109
28 17 
36 114

42 22 2 75 80 70 90 75 
0 141
0 103
0 44 
10 48 
15 44 
21 109
32 17 
43 114

43 0 3 45 50 55 30 75 
0 71 
15 77 
17 78 
19 79 
24 51 
33 80 
46 76 

44 21 3 60 65 70 40 85 
0 71 
0 77 
0 78 
15 77 
17 78 
19 79 
28 51 
38 80 
52 76 

45 -5 3 75 80 85 50 100 
0 78 
0 79 
0 51 
0 80 
15 77 
17 78 
19 79 

46 0 2 35 70 55 25 55 
0 10 
13 78 
20 141
27 147
34 163
41 74 

47 24 2 60 95 80 30 80 
0 10 
0 78 
0 141
13 78 
20 141
30 147
39 163
48 74 

48 0 2 60 55 50 45 40 
0 33 
0 50 
11 48 
19 93 
22 77 
27 141
30 78 
35 60 
38 79 
43 94 

49 31 2 70 65 60 90 90 
0 33 
0 50 
0 48 
0 93 
22 77 
27 141
30 78 
38 60 
43 79 
50 94

50 0 2 10 55 25 95 45 
0 10 
15 45 
19 91 
24 28 
31 163
40 89 

51 26 2 35 80 50 120 70 
0 10 
0 45 
0 91 
15 45 
19 91 
24 28 
35 163
47 89 

52 0 2 40 45 35 90 40 
0 10 
0 45 
12 44 
17 6 
24 103
33 154
44 163

53 28 2 65 70 60 115 65 
0 10 
0 45 
0 44 
0 103
12 44 
17 6 
24 103
37 154
51 163

54 0 2 50 52 48 55 50 
0 10 
28 39 
31 50 
36 93 
43 154
52 56 

55 33 2 80 82 78 85 80 
0 10 
0 39 
0 50 
28 39 
31 50 
39 93 
48 154
59 56 

56 0 2 40 80 35 70 35 
0 10 
0 43 
9 67 
15 2 
21 154
27 116
33 69 
39 37 
45 103

57 28 2 65 105 60 95 60 
0 10 
0 43 
0 67 
0 2 
9 67 
15 2 
21 154
27 116
28 99 
37 69 
45 103
46 37 

58 0 4 55 70 45 60 50 
0 44 
0 46 
18 52 
23 43 
30 36 
39 97 
50 53 

59 -2 4 90 110 80 95 80 
0 46 
0 52 
0 43 
0 36 

60 0 3 40 50 40 90 40 
0 145
16 95 
19 55 
25 3 
31 34 
38 133
45 56 

61 25 3 65 65 65 90 50 
0 145
0 95 
0 55 
16 95 
19 55 
26 3 
33 34 
41 133
49 56 

62 -3 3 90 85 95 70 70 
0 95 
0 55 
0 3 
0 34 
16 95 
19 55 

63 0 3 25 20 15 90 105 
0 100

64 16 3 40 35 30 105 120 
0 100
0 134
16 93 
20 50 
27 60 
31 105
38 94 
42 115

65 -1 3 55 50 45 120 135
0 100
0 134
16 93 
20 50 
27 60 
31 105
38 94 
42 115

66 0 3 70 80 50 35 35
0 2 
20 67 
25 43 
32 116
39 69 
46 66 

67 28 3 80 100 70 45 50
0 2 
0 67 
0 43 
20 67 
25 43 
36 116
44 69 
52 66 

68 -1 3 90 130 80 55 65 
0 2 
0 67 
0 43 
20 67 
25 43 
36 116
44 69 
52 66 

69 0 3 50 75 35 40 70 
0 22 
0 74 
13 35 
15 77 
18 79 
21 78 
26 51 
33 75 
42 21 

70 21 3 65 90 50 55 85 
0 22 
0 74 
0 35 
13 35 
15 77 
18 79 
23 78 
29 51 
38 75 
49 21 

71 -5 3 80 105 65 70 100 
0 79 
0 78 
0 51 
0 75 
13 35 
15 77 
18 79 

72 0 4 40 40 35 70 100 
0 51 
7 48 
13 35 
18 40 
22 55 
27 132
33 112
40 103
48 56 

73 30 4 80 70 65 100 120 
0 51 
0 48 
0 35 
7 48 
13 35 
18 40 
22 55 
27 132
35 112
43 103
50 56 

74 0 3 40 80 100 20 30 
0 33 
11 111
16 88 
21 120
26 106
31 89 
36 153

75 25 3 55 95 115 35 45 
0 33 
0 111
11 111
16 88 
21 120
29 106
36 89 
43 153

76 -1 3 80 110 130 45 55 
0 33 
0 111
11 111
16 88 
21 120
29 106
36 89 
43 153

77 0 2 50 85 55 90 65 
0 52 
30 39 
32 23 
35 45 
39 83 
43 36 
48 97 

78 40 2 65 100 70 105 80 
0 52 
0 39 
0 23 
0 45 
30 39 
32 23 
35 45 
39 83 
47 36 
55 97 

79 0 2 90 65 65 15 40 
0 93 
18 50 
22 29 
27 45 
33 55 
40 133
48 94 

80 37 2 95 75 110 30 80 
0 93 
0 50 
0 29 
18 50 
22 29 
27 45 
33 55 
37 110
44 133
55 94 

81 0 2 25 35 70 45 95 
0 33 
21 49 
25 84 
29 48 
35 86 
41 129
47 103

82 30 2 50 60 95 70 120 
0 33 
0 49 
0 84 
21 49 
25 84 
29 48 
38 86 
46 129
54 103

83 0 2 52 65 55 60 58 
0 64 
0 28 
7 43 
15 31 
23 14 
31 97 
39 163

84 0 2 35 85 45 75 35 
0 64 
20 45 
24 31 
30 65 
36 99 
40 161
44 97 

85 31 2 60 110 70 100 60 
0 64 
0 45 
0 31 
20 45 
24 31 
30 65 
39 99 
45 161
51 97 

86 0 2 65 45 55 45 70 
0 29 
30 45 
35 62 
40 156
45 36 
50 58 

87 34 2 90 70 80 70 95 
0 29 
0 45 
0 62 
30 45 
35 62 
44 156
50 36 
56 58 

88 0 2 80 80 50 25 40 
0 1 
0 50 
30 139
33 107
37 124
42 106
48 103
55 151

89 38 2 105 105 75 50 65 
0 1 
0 50 
0 139
30 139
33 107
37 124
45 106
53 103
60 151

90 0 4 30 65 100 40 45 
0 33 
0 110
18 48 
23 128
30 62 
39 43 
50 58 

91 -3 4 50 95 180 70 85 
0 110
0 48 
0 128
0 62 
50 131

92 0 3 30 35 30 80 100 
0 122
0 109
0 101
27 95 
35 138

93 25 3 45 50 45 95 115 
0 122
0 109
0 101
29 95 
38 138

94 -1 3 60 65 60 110 130 
0 122
0 109
0 101
29 95 
38 138

95 0 2 35 45 160 70 30 
0 33 
0 103
15 20 
19 88 
25 99 
33 21 
43 106

96 0 2 60 48 45 42 90 
0 1 
0 95 
12 50 
17 93 
24 29 
29 139
32 94 
37 96 

97 26 2 85 73 70 67 115 
0 1 
0 95 
0 50 
0 93 
12 50 
17 93 
24 29 
33 139
37 94 
43 96 

98 0 2 30 105 90 50 25 
0 145
0 43 
20 11 
25 12 
30 23 
35 152
40 106

99 28 2 55 130 115 75 50 
0 145
0 43 
0 11 
20 11 
25 12 
34 23 
42 152
49 106

100 0 2 40 30 50 100 55 
0 33 
0 103
17 49 
22 120
29 113
36 129
43 153

101 30 2 60 50 70 140 80 
0 33 
0 103
0 49 
17 49 
22 120
29 113
40 129
50 153

102 0 4 60 40 80 40 60 
0 140
0 95 
25 115
28 73 
32 78 
37 77 
42 76 
48 79 

103 -5 4 95 95 85 55 125 
0 140
0 95 
28 23 

104 0 2 50 50 95 35 40 
0 45 
10 125
13 39 
18 29 
25 43 
31 116
38 37 
43 155
46 99 

105 28 2 60 80 110 45 50 
0 125
0 39 
10 125
13 39 
18 29 
25 43 
33 116
41 37 
48 155
55 99 

106 0 2 50 120 53 87 35 
0 24 
0 96 
33 27 
38 26 
43 116
48 136
53 25 

107 0 2 50 105 79 76 35 
0 4 
0 97 
33 7 
38 8 
43 9 
48 5 
53 68 

108 0 2 90 55 75 30 60 
0 35 
0 48 
7 23 
15 50 
23 111
31 21 
39 103

109 0 2 40 65 95 35 60 
0 33 
0 123
32 124
37 108
40 120
45 114
48 153

110 35 2 65 90 120 60 85 
0 33 
0 123
0 124
32 124
39 108
43 120
49 114
53 153

111 0 4 80 85 95 25 30 
0 30 
30 23 
35 39 
40 31 
45 32 
50 43 
55 36 

112 42 4 105 130 120 40 45 
0 30 
0 23 
0 39 
0 31 
30 23 
35 39 
40 31 
48 32 
55 43 
64 36 

113 0 1 250 5 5 50 105 
0 1 
0 39 
12 3 
24 47 
30 45 
38 107
44 111
48 113
54 38 

114 0 2 65 55 115 60 100 
0 132
24 20 
27 71 
29 22 
32 77 
36 78 
39 79 
45 21 
48 74 

115 0 2 105 95 80 90 40 
0 4 
0 99 
26 44 
31 39 
36 5 
41 43 
46 146

116 0 2 30 40 70 60 70 
0 145
19 108
24 43 
30 55 
37 97 
45 56 

117 32 2 55 65 95 85 95 
0 145
0 108
19 108
24 43 
30 55 
41 97 
52 56 

118 0 2 45 67 60 63 50 
0 64 
0 39 
19 48 
24 30 
30 31 
37 127
45 32 
54 97 

119 33 2 80 92 65 68 80 
0 64 
0 39 
0 48 
19 48 
24 30 
30 31 
39 127
48 32 
54 97 

120 0 4 30 45 55 85 70 
0 33 
17 55 
22 106
27 105
32 129
37 107
42 113
47 56 

121 -3 4 60 75 85 115 100 
0 33 
0 55 
0 106

122 0 2 40 45 65 90 100 
0 93 
0 112
15 93 
23 113
31 3 
39 96 
47 164

123 0 2 70 110 80 105 55 
0 98 
17 43 
20 116
24 104
29 163
35 14 
42 97 
50 17 

124 0 2 65 50 35 95 95 
0 1 
0 142
18 122
23 3 
31 8 
39 34 
47 37 
58 59 

125 0 2 65 83 57 105 85 
0 98 
0 43 
34 84 
37 103
42 9 
49 113
54 87 

126 0 2 65 95 57 93 85 
0 52 
36 43 
39 109
43 7 
48 108
52 123
55 53 

127 0 4 65 125 100 85 55 
0 11 
21 20 
25 69 
30 12 
36 116
43 106
49 163
54 14 

128 0 4 75 100 95 110 70 
0 33 
21 23 
28 39 
35 43 
44 99 
51 36 

129 0 4 20 10 55 80 20 
0 150
15 33 

130 20 4 95 125 79 81 100 
0 33 
20 44 
25 82 
32 43 
41 56 
52 63 

131 0 4 130 85 80 60 95 
0 55 
0 45 
16 47 
20 54 
25 34 
31 109
38 58 
46 56 

132 0 2 48 48 48 48 48 
0 144

133 0 2 55 55 50 55 65 
0 33 
0 39 
8 28 
16 45 
23 98 
30 44 
36 116
42 36 

134 -3 2 130 65 60 65 110 
0 33 
0 39 
0 98 
0 55 
8 28 
16 55 
23 98 
30 44 
36 62 
42 114
47 151
52 56 

135 -4 2 65 65 60 130 110 
0 33 
0 39 
0 98 
0 84 
8 28 
16 84 
23 98 
30 24 
36 42 
42 86 
47 97 
52 87 

136 -2 2 65 130 60 65 110 
0 33 
0 39 
0 98 
0 52 
8 28 
16 52 
23 98 
30 44 
36 83 
42 123
47 43 
52 53 

137 0 2 65 60 70 40 75 
0 33 
0 159
0 160
23 60 
28 105
35 97 
42 161

138 0 2 35 40 100 35 90 
0 55 
0 110
34 30 
39 43 
46 131
53 56 

139 40 2 70 60 125 55 115 
0 55 
0 110
0 30 
34 30 
39 43 
44 131
49 56 

140 0 2 30 80 90 55 45 
0 10 
0 106
34 71 
39 163
44 43 
49 56 

141 40 2 60 115 105 80 70 
0 10 
0 106
0 71 
34 71 
39 163
46 43 
53 56 

142 0 4 80 105 65 130 60 
0 17 
0 97 
33 48 
38 44 
45 36 
54 63 

143 0 4 160 110 65 30 65 
0 29 
0 133
0 156
35 34 
41 106
48 38 
56 63 

144 0 4 90 85 100 85 125 
0 64 
0 58 
51 59 
55 97 
60 54 

145 0 4 90 90 85 100 125 
0 84 
0 65 
51 87 
55 97 
60 113

146 0 4 90 100 90 90 125 
0 64 
0 83 
51 43 
55 97 
60 143

147 0 4 41 64 45 50 50 
0 35 
0 43 
10 86 
20 97 
30 21 
40 82 
50 63 

148 30 4 61 84 65 70 70 
0 35 
0 43 
0 86 
10 86 
20 97 
35 21 
45 82 
55 63 

149 55 4 91 134 95 80 100 
0 35 
0 43 
0 86 
0 97 
10 86 
20 97 
35 21 
45 82 
60 63 

150 0 4 106 110 90 130 154 
0 93 
0 50 
0 129
0 94 
63 112
66 94 
70 105
75 54 
81 133

151 0 3 100 100 100 100 100 
0 1 
10 144
20 5 
30 118
40 94 

